EE19B130
Alpha=0.0500733
FWER (0 to 1 scale) = 0.399667

