alpha = 0.0110872;
FWER = 0.349089;

x = [1.14048 7.40165 -0.461051 -2.86456 1.19226];
y = [-6.58805 22.3682 -1.40722 17.4358 -0.976184];

x = [-5.70878 -2.42966 14.1562 15.7711 1.51317];
y = [10.7837 -1.86426 2.22204 -10.7318 7.50214];

x = [7.62858 10.0915 11.8786 11.0804 6.49574];
y = [-3.3684 3.39002 2.2944 1.47782 2.94557];

x = [8.32254 15.0281 -8.17757 5.15291 4.96003];
y = [3.44324 -1.34099 4.05173 4.49211 -0.00763669];

x = [-13.5239 0.62051 -14.2264 -4.21903 1.6298];
y = [9.76628 2.71783 -0.560811 1.53352 8.20664];

x = [-12.1675 2.84059 4.76322 0.814053 5.54573];
y = [-10.3037 0.713411 14.6303 -4.87812 -9.46249];

x = [15.1938 1.7495 4.07501 -4.69041 -5.78582];
y = [-1.62803 -3.80363 3.10749 -0.412117 4.10984];

x = [12.3332 18.6021 4.26443 20.502 21.4119];
y = [3.51215 8.39032 12.579 -6.97235 -2.29891];

x = [-2.23844 -6.2464 6.43346 -10.2368 17.8268];
y = [5.3583 1.50374 7.09655 -3.54322 -4.71279];

x = [8.44915 4.67404 -0.327969 4.20786 -0.239087];
y = [15.4597 7.039 13.761 1.45075 11.9881];

tp_value @alphastar
p = [0.4386, 0.6080, 9.6531e-04, 0.4801, 0.0308, 0.7020, 0.6623, 0.0317, 0.9954, 0.0620]

ttest_result @alphastar
t = [0, 0, 1, 0, 1, 0, 0, 1, 0, 0]